function c = constants()
c.eta = 3.767303137706895e+02;
c.gamma = 0.57721566490153286060;
c.eV = 1.60217662e-19;
c.h = 6.62607004e-34;
c.c0 = 299792458;
end
